47
6
148
104
75
68
69
172
70
58
57
8
170
175
57
146
19
187
36
3
174
58
199
154
192
20
96
21
1
72
46
65
6
163
8
182
26
71
35
183
187
23
134
181
133
100
156
168
15
158
88
82
52
16
68
7
67
77
146
97
91
23
66
194
153
120
178
111
26
75
35
88
1
105
151
49
120
179
25
124
20
198
138
86
159
77
73
69
58
51
97
71
68
181
141
102
199
48
45
33
138
35
40
40
43
54
145
108
120
51
48
180
144
91
136
88
51
198
177
156
62
43
171
168
167
87
157
160
58
60
157
137
79
57
18
36
149
163
95
181
196
131
34
6
30
32
142
91
186
46
98
135
118
53
177
74
149
34
116
3
65
80
132
151
93
140
29
51
187
4
13
175
28
73
179
26
96
9
100
13
7
134
122
170
49
66
193
8
159
76
198
169
53
19
96
118
31
173
6
157
77
63
36
195
108
33
36
27
99
173
43
139
26
187
18
80
104
195
58
194
117
197
79
46
19
77
197
192
125
80
34
57
199
193
93
131
5
30
67
33
177
69
92
67
91
168
79
15
86
13
3
72
126
156
146
86
140
112
15
174
148
102
168
104
19
120
143
84
4
51
119
26
59
10
73
138
194
86
39
51
127
3
32
60
40
168
197
171
121
194
67
183
37
135
121
66
131
129
83
73
13
14
186
196
8
51
128
106
143
55
169
6
28
185
135
163
183
17
133
138
136
102
132
170
134
163
182
46
146
196
152
139
184
13
8
52
4
128
36
107
14
8
195
43
108
41
149
198
126
168
73
57
178
110
150
61
195
106
94
71
33
159
34
108
55
162
104
27
171
136
191
125
102
129
37
125
22
15
20
174
147
78
161
49
66
24
66
154
195
37
143
10
105
101
177
199
4
79
198
50
69
25
78
164
85
128
116
151
81
80
141
48
128
131
134
70
117
86
83
121
79
123
148
97
55
63
148
105
118
99
107
118
181
5
192
188
155
12
65
9
16
107
54
183
137
194
141
69
199
170
93
103
169
197
22
48
125
79
56
21
95
74
18
19
47
118
165
57
50
47
66
31
139
129
42
60
65
111
105
138
198
167
104
83
174
16
130
181
158
14
60
25
176
110
192
79
97
51
78
8
97
128
133
153
67
141
146
62
75
119
20
33
16
71
1
92
181
131
168
110
19
196
84
98
87
136
147
135
165
164
82
97
25
149
42
101
42
165
138
158
43
137
121
198
129
30
172
189
89
147
49
72
188
45
133
81
42
109
80
79
35
154
198
63
9
40
9
49
56
172
89
35
157
163
90
92
86
140
182
12
153
198
102
10
105
162
169
183
10
174
125
6
95
55
131
159
47
85
15
159
153
83
10
124
66
5
106
9
90
143
20
166
54
83
150
129
106
184
51
34
184
74
163
87
93
75
139
118
123
122
3
112
25
92
167
93
142
200
119
38
36
54
115
198
144
131
143
9
122
77
156
45
40
27
117
86
167
63
72
50
33
193
107
191
57
66
200
132
59
9
64
23
59
98
178
34
109
147
18
62
194
139
186
3
138
64
151
40
190
170
23
33
53
176
32
69
140
147
40
173
155
189
135
55
146
96
116
138
131
180
27
134
22
45
63
84
46
112
98
99
112
163
60
1
49
55
102
44
58
188
73
180
131
87
85
78
197
81
158
161
86
46
187
75
41
96
147
20
149
184
170
55
25
145
153
139
23
68
188
139
176
34
1
29
172
90
27
168
93
86
90
182
89
104
152
169
8
44
52
27
110
124
171
126
70
55
145
77
141
72
65
88
193
138
112
48
123
38
34
94
200
192
5
11
188
91
26
26
126
41
124
148
187
96
102
48
108
150
67
96
168
32
181
50
103
158
161
71
101
126
36
18
20
99
172
164
95
25
88
170
178
123
78
181
31
78
125
43
78
16
124
36
73
99
121
118
60
179
97
105
189
177
193
53
179
167
180
31
88
53
5
194
171
117
41
168
93
1
20
142
179
88
13
178
104
83
85
105
10
189
146
48
147
128
178
162
20
55
4
12
24
195
187
181
43
137
113
77
34
61
20
24
131
149
184
46
169
36
184
74
1
120
30
147
35
114
16
184
168
4
190
110
31
31
183
140
94
48
128
130
20
30
26
40
47
194
43
89
89
194
200
102
31
90
18
67
114
9
38
1
175
77
74
3
87
100
152
29
57
48
110
82
115
92
98
60
96
34
34
123
110
143
151
90
135
104
20
199
14
2
147
84
11
37
183
84
92
108
28
184
