55
81
77
122
98
1
105
137
130
192
42
54
112
127
36
57
119
13
45
176
65
138
56
23
84
53
158
2
79
94
57
141
64
21
109
184
69
178
69
59
10
172
101
130
151
169
191
140
133
148
75
185
16
196
132
70
104
31
8
194
29
46
144
100
72
107
105
23
17
71
187
31
33
82
135
70
62
79
52
116
46
10
63
121
54
28
36
151
85
152
160
81
146
138
58
119
73
149
195
166
149
83
47
114
193
197
83
81
135
96
71
11
61
179
117
142
124
155
91
98
89
27
159
157
45
106
149
88
4
62
184
29
43
167
177
64
14
154
66
122
45
114
108
110
132
3
138
103
37
52
152
52
154
90
9
52
16
36
187
123
198
105
166
171
7
145
139
196
4
190
157
113
157
92
129
44
186
199
36
18
196
123
40
127
138
143
24
58
47
146
163
64
125
166
68
137
61
4
36
166
42
182
57
181
90
51
168
19
13
77
65
6
161
91
103
28
151
91
150
196
19
175
105
116
61
119
70
134
187
196
89
35
77
142
5
94
77
45
197
100
166
121
14
70
66
174
122
79
122
77
35
167
124
105
28
24
7
107
64
130
5
64
50
139
44
188
142
85
145
82
77
45
69
132
140
107
199
39
21
33
21
74
122
85
171
178
17
100
143
110
173
57
12
123
161
35
134
75
152
38
23
171
153
112
90
176
146
127
115
57
169
10
36
58
89
142
74
72
57
62
164
60
125
63
164
85
48
153
56
131
111
149
152
84
170
66
95
200
20
22
158
77
180
24
50
88
187
38
57
192
189
119
123
194
116
167
13
177
4
95
91
19
48
189
92
86
103
13
191
11
124
27
2
119
21
115
8
127
143
15
42
199
65
29
45
200
83
43
85
183
62
12
97
131
49
74
163
78
166
157
134
153
143
16
43
182
190
22
17
59
84
43
69
88
79
198
187
61
27
188
163
110
108
142
50
17
181
195
129
27
193
58
37
89
199
197
52
135
193
164
2
12
114
80
146
135
53
17
106
60
115
152
32
31
9
181
3
198
171
99
130
199
144
39
29
28
13
9
182
175
88
2
42
178
22
143
56
162
107
65
73
122
115
41
174
7
31
123
112
106
149
193
196
9
70
73
65
65
150
158
87
54
126
106
163
185
83
71
130
140
56
155
78
31
43
23
117
20
187
150
188
141
69
124
149
200
154
104
175
176
63
119
156
28
52
136
32
39
12
133
151
83
173
20
15
113
195
162
178
140
141
133
116
151
96
70
100
82
126
4
3
129
177
134
65
25
137
58
84
193
148
54
50
141
91
97
4
133
56
175
173
8
121
116
103
18
172
119
96
81
3
169
24
119
35
134
3
137
114
173
48
87
87
30
115
145
38
176
195
176
189
123
7
48
55
39
93
81
171
65
94
115
64
22
23
9
97
90
107
32
3
185
30
60
91
96
79
105
173
32
88
79
75
116
2
194
3
142
61
7
28
130
104
200
112
190
154
91
89
168
109
196
114
199
5
194
64
198
101
99
157
7
141
145
97
191
122
178
111
47
62
117
192
120
143
139
127
31
54
157
127
146
166
73
45
179
196
77
171
133
4
15
2
55
21
179
166
103
23
190
23
24
36
96
91
26
160
37
147
67
178
16
12
123
113
11
165
32
11
5
97
144
113
77
191
128
37
57
123
187
166
125
133
45
123
121
146
113
74
95
140
194
100
177
51
75
49
124
147
178
82
72
14
122
84
189
67
97
178
154
170
29
169
86
26
39
12
68
40
29
30
47
176
87
44
66
139
82
23
123
123
129
198
38
28
10
19
54
185
39
180
50
24
94
161
196
59
111
92
71
27
161
112
92
21
157
48
119
81
171
19
40
121
10
113
92
91
11
168
111
104
75
189
160
52
117
148
42
5
56
22
74
95
185
157
167
129
37
35
139
149
77
126
56
166
12
112
160
136
33
78
133
183
139
38
176
45
86
131
10
47
22
196
189
44
52
61
133
146
17
30
148
182
61
70
62
95
34
146
165
147
12
174
158
101
64
46
25
128
118
191
134
51
1
147
99
143
83
172
91
19
175
194
191
100
124
97
117
157
34
142
74
172
41
194
80
150
161
159
188
138
121
4
105
192
178
188
110
105
53
35
161
41
182
129
92
46
134
103
81
152
162
15
74
129
106
53
50
72
185
193
69
138
92
137
132
93
171
192
127
122
92
173
180
101
111
79
177
98
161
13
20
181
137
139
123
56
79
108
127
16
4
67
155
21
50
186
38
76
34
143
62
131
9
142
82
78
68
37
160
22
169
77
85
106
171
7
194
77
19
88
90
17
11
21
49
137
134
40
39
120
68
56
43
56
90
200
135
108
157
148
12
199
37
196
89
85
154
14
82
77
54
60
119
22
140
51
101
111
68
192
55
178
200
52
139
22
121
129
34
108
129
16
6
124
199
60
105
108
149
159
37
131
10
8
80
126
194
123
67
83
48
170
152
31
38
61
23
76
182
117
190
168
165
133
183
93
26
99
114
102
192
19
74
54
141
138
65
148
98
8
44
116
193
33
71
200
79
100
146
94
12
20
45
193
15
107
158
81
180
30
153
79
106
86
176
72
30
21
86
12
14
113
148
44
173
159
52
113
136
3
152
81
163
127
146
49
84
12
21
113
148
90
129
92
25
80
8
178
127
167
25
70
187
74
79
191
108
16
154
80
179
64
73
170
152
71
99
80
152
65
141
65
179
143
143
25
27
1
180
12
87
57
32
132
128
137
111
53
184
75
67
83
139
174
83
199
48
62
129
145
121
139
61
76
37
101
147
150
194
197
166
76
20
132
139
30
130
18
90
94
91
108
74
17
175
154
135
140
112
97
60
33
17
135
141
58
130
175
172
163
182
58
62
74
173
173
122
144
64
66
73
68
159
141
62
168
159
141
145
71
120
138
156
100
12
182
32
186
122
171
108
160
9
190
67
121
138
161
80
149
200
193
190
152
43
4
77
168
126
18
170
167
60
84
140
8
111
103
188
102
9
75
62
85
73
46
110
137
104
6
41
15
70
181
199
59
103
87
124
31
184
17
190
186
145
192
132
148
50
145
6
113
157
143
109
181
167
96
55
163
133
147
103
149
59
180
34
114
181
49
94
56
2
169
83
8
122
115
95
170
42
121
14
129
115
109
40
181
149
31
88
59
67
34
141
1
6
42
129
121
169
119
102
8
61
29
57
6
26
80
199
143
91
168
147
43
87
199
195
178
186
106
54
195
138
157
169
8
126
144
192
33
155
185
157
58
41
4
125
11
150
178
194
128
118
140
92
30
173
188
37
85
186
123
164
186
59
180
80
159
161
84
168
127
82
54
139
39
23
160
90
69
59
122
88
35
46
76
1
192
88
15
187
114
30
165
160
100
176
148
179
148
140
87
129
23
34
196
13
66
17
110
134
189
60
92
78
177
155
161
73
128
136
14
53
195
5
163
106
174
84
121
84
29
123
175
142
197
14
157
109
17
195
157
30
36
87
181
32
94
105
157
195
124
79
199
72
196
115
127
27
14
3
137
126
178
181
85
125
159
158
98
151
120
56
84
101
144
68
9
112
62
198
110
22
52
87
187
44
73
117
69
169
194
197
134
99
92
76
76
177
92
54
72
8
164
153
155
31
132
153
95
9
48
4
32
45
151
34
73
109
111
3
91
93
148
187
24
60
96
89
36
188
58
71
136
146
190
100
125
199
190
63
97
32
145
59
109
5
18
31
21
111
74
99
21
153
3
175
68
93
147
18
110
71
108
81
92
91
162
71
160
29
7
128
120
83
5
200
114
36
137
126
92
42
109
101
156
42
77
27
17
120
155
181
70
10
196
76
111
26
97
190
30
83
67
180
110
118
139
32
51
188
10
106
12
77
200
47
75
192
94
194
182
48
16
138
17
159
183
194
126
51
157
179
91
144
145
101
61
112
164
99
43
66
199
68
44
149
175
28
149
67
12
90
22
109
113
148
11
100
105
68
72
15
87
76
57
101
199
23
156
123
132
30
116
20
42
117
142
49
37
10
173
131
3
37
85
163
146
177
134
118
114
57
105
144
68
179
102
169
25
9
4
48
160
6
55
7
108
12
98
133
185
107
109
46
43
131
50
94
146
173
118
98
45
141
62
136
6
27
17
144
71
124
170
70
79
51
48
20
96
81
58
104
154
173
64
55
69
200
181
27
89
131
14
107
58
116
180
15
29
101
144
45
4
17
16
27
20
184
116
51
7
120
107
62
66
49
74
96
82
173
111
187
3
52
132
96
87
47
164
71
13
102
182
174
189
57
186
107
118
126
109
170
29
38
143
161
160
180
188
58
199
101
171
137
181
53
192
185
196
31
68
8
106
64
196
194
68
87
108
117
148
102
155
75
80
86
140
183
60
116
35
173
192
85
182
141
162
126
97
10
91
37
68
2
181
19
51
155
54
109
92
105
85
13
69
160
173
77
133
20
75
104
44
14
24
194
199
83
24
12
1
196
56
195
9
177
27
13
76
15
31
160
131
94
134
153
59
40
125
158
83
73
47
78
112
122
22
130
75
124
73
4
163
12
119
72
70
139
59
142
193
87
7
133
26
29
4
62
70
110
92
162
175
123
136
44
69
112
65
100
103
35
161
173
125
19
19
172
121
102
125
193
78
200
95
53
14
136
125
133
124
118
15
14
9
91
88
13
137
78
103
46
20
101
93
83
52
8
114
148
53
104
64
184
119
54
56
78
54
10
85
117
101
60
195
132
118
108
116
186
133
16
108
72
182
199
86
82
171
183
1
12
186
162
141
191
186
109
186
105
194
108
128
72
24
109
195
131
86
198
95
130
96
58
162
197
41
48
110
86
192
170
86
7
142
175
92
170
64
96
28
161
133
88
159
174
42
112
123
40
73
62
23
122
159
42
200
141
48
77
146
71
40
95
177
96
42
41
25
131
143
173
12
133
137
17
151
115
64
121
196
169
32
193
143
53
152
49
191
39
34
99
179
58
76
54
127
82
118
167
58
164
102
89
155
151
137
146
19
34
139
166
161
108
32
31
154
87
33
49
158
53
143
179
140
181
186
197
177
100
16
67
25
70
158
23
61
189
123
146
104
157
24
184
77
10
124
134
43
76
171
30
175
162
82
117
80
150
128
113
53
24
24
83
106
67
156
89
34
84
5
22
104
79
9
133
24
81
62
94
145
183
88
78
139
103
145
198
90
138
117
61
119
146
119
98
176
136
178
23
190
131
102
166
168
45
20
101
59
154
36
141
158
41
75
92
13
115
23
85
39
74
73
165
119
15
160
165
80
7
99
183
91
94
80
112
60
66
140
194
144
117
97
11
72
73
100
131
114
161
145
59
112
96
58
91
34
56
73
14
111
114
76
158
190
119
80
88
57
158
52
197
68
55
135
104
121
154
11
38
87
5
177
137
40
114
54
128
138
132
156
154
56
10
162
21
51
135
87
92
164
83
194
105
18
153
172
170
137
155
149
160
123
65
152
3
181
188
129
95
137
133
108
37
100
83
45
90
153
38
33
54
136
54
25
147
45
150
182
32
34
158
106
144
153
52
77
147
126
65
68
195
117
130
30
40
138
174
173
12
89
183
19
55
64
169
180
169
181
165
177
175
161
18
45
149
30
2
100
110
86
83
120
49
166
150
66
88
94
9
58
64
140
138
18
145
113
149
123
198
150
161
198
108
147
115
179
126
60
104
88
101
110
181
60
55
173
175
70
183
32
13
65
124
199
64
21
100
89
183
155
138
69
67
103
102
161
21
72
154
85
44
134
92
29
162
129
70
178
124
57
60
145
51
174
114
97
79
26
67
89
117
24
24
101
104
47
50
178
63
132
195
79
189
172
157
167
35
63
145
22
151
8
2
160
142
73
93
167
99
33
142
182
18
106
193
54
70
48
26
131
18
167
165
9
20
139
123
77
87
29
156
82
33
5
27
36
153
114
127
17
89
158
33
77
171
22
4
153
9
14
45
74
175
116
188
178
30
116
117
155
159
90
49
187
118
192
147
50
61
52
171
85
54
27
139
128
180
138
152
52
167
159
189
90
160
166
41
14
56
192
137
97
114
46
160
30
60
32
69
189
88
9
117
84
173
31
63
142
4
86
137
36
85
177
45
23
62
165
126
41
46
86
79
86
29
25
66
119
199
170
44
147
163
74
104
118
193
180
165
61
53
86
83
75
70
13
131
60
100
49
116
61
190
124
197
106
33
183
74
98
7
11
10
180
95
186
148
184
76
114
10
160
192
35
197
58
62
139
99
151
170
27
168
194
131
37
57
74
23
61
117
144
38
61
130
35
149
93
139
38
115
113
26
142
34
71
41
21
41
59
76
54
138
82
81
29
166
157
34
107
96
47
21
90
88
76
159
49
69
136
140
155
200
177
132
114
116
102
176
97
92
146
152
180
83
90
17
62
146
2
183
175
51
47
86
69
199
162
109
161
200
94
117
50
51
106
145
121
187
183
197
120
133
83
27
138
138
14
186
39
64
125
60
46
90
90
108
12
61
185
148
137
42
135
46
35
119
191
177
28
147
157
154
138
5
35
127
134
166
184
156
39
67
122
88
36
28
22
27
61
162
149
196
179
181
121
35
149
195
176
164
9
43
36
199
196
70
26
114
198
96
38
187
169
29
29
30
46
65
33
66
103
82
78
182
35
70
104
198
48
81
12
157
85
140
98
59
39
195
198
80
39
177
60
13
73
192
131
92
107
42
158
154
38
59
167
60
120
121
57
104
182
76
40
171
68
12
199
129
194
194
150
146
9
98
82
42
74
138
37
184
80
105
93
150
193
180
193
11
129
184
8
76
61
155
93
110
19
173
23
23
60
161
171
26
121
115
106
31
183
145
183
32
191
161
106
120
44
176
160
129
130
100
187
27
124
55
2
67
69
33
134
68
65
187
145
107
67
197
52
134
180
34
37
179
153
8
136
85
4
183
34
139
198
40
2
192
14
80
147
154
176
64
55
10
5
40
180
60
177
80
1
179
141
185
50
103
104
20
191
17
36
140
133
60
45
11
70
82
130
50
135
166
1
20
29
17
134
77
96
118
80
71
87
138
51
190
49
132
177
72
128
72
24
79
118
94
76
134
92
86
110
73
122
141
48
86
130
175
31
84
100
100
133
185
102
53
150
14
13
34
49
36
10
199
90
181
177
132
66
186
133
109
143
115
129
64
46
21
87
147
66
150
55
117
125
109
9
69
23
65
22
186
48
3
50
196
103
11
81
43
37
130
105
169
154
23
50
75
148
114
37
128
30
80
26
91
164
122
54
182
178
64
99
164
173
140
132
35
126
59
57
170
87
103
137
174
178
26
42
100
109
18
76
27
36
101
154
36
133
103
42
17
11
54
140
94
106
31
163
37
158
171
151
144
172
60
73
172
2
158
54
109
26
192
94
140
158
42
197
3
65
167
141
177
143
120
56
152
90
116
26
48
38
139
89
165
190
98
111
59
157
52
143
18
94
29
78
101
30
150
147
15
200
137
33
58
54
117
146
164
103
124
51
144
104
42
112
16
177
99
72
97
6
127
86
173
200
164
28
137
75
107
110
126
173
65
160
179
58
195
33
104
21
70
97
188
155
118
28
36
16
170
66
197
138
138
122
68
189
163
144
86
124
60
174
57
94
123
55
175
161
57
140
97
8
113
33
185
153
96
17
114
126
12
118
43
54
65
111
14
48
55
59
174
174
82
153
21
161
128
19
182
29
69
141
164
52
122
89
160
88
2
89
129
126
164
27
68
92
47
176
31
180
116
154
12
160
94
24
47
163
83
144
13
139
185
181
158
74
157
173
7
177
68
16
108
156
141
62
68
108
45
10
10
104
130
27
134
37
17
76
66
133
188
198
25
86
67
130
167
46
38
23
4
102
115
159
81
35
51
182
32
81
196
186
165
16
141
163
186
71
71
93
133
45
172
18
147
75
187
35
157
81
118
181
167
178
129
30
187
34
114
6
108
172
140
130
91
22
180
100
128
83
48
85
82
152
52
154
34
160
10
14
99
5
151
66
137
68
139
45
50
49
196
41
128
200
82
173
181
199
83
108
129
129
77
3
88
156
119
132
32
151
57
111
15
41
76
176
38
162
42
125
167
92
85
99
11
195
170
10
45
183
107
28
163
79
53
50
150
98
192
21
188
12
134
111
17
176
46
117
32
197
78
174
132
33
109
148
133
20
55
53
186
119
156
93
116
95
121
56
31
117
86
163
59
171
122
89
197
144
82
51
59
46
103
105
81
54
151
124
72
124
37
38
137
67
164
194
42
43
2
131
91
180
11
18
161
51
96
146
91
58
162
196
191
131
25
118
77
46
196
142
118
170
21
163
36
14
183
103
41
162
174
119
40
25
159
162
149
5
168
27
93
8
135
54
137
13
46
18
92
148
1
29
73
122
128
74
43
18
79
109
199
67
16
2
69
79
15
31
164
57
130
18
115
137
97
52
152
179
162
55
67
74
83
179
38
99
116
136
22
101
115
165
3
115
133
174
198
172
158
11
111
43
98
199
166
175
89
193
122
2
27
178
143
86
74
130
92
62
73
144
17
76
75
32
37
73
182
186
65
139
97
68
50
174
39
23
64
165
47
174
197
6
78
111
74
136
81
195
169
21
195
54
125
81
176
62
56
188
16
34
149
198
84
2
144
12
16
25
34
140
191
88
79
80
180
16
80
154
74
121
123
96
13
58
178
176
42
168
57
13
2
3
171
160
163
27
80
21
81
152
160
129
159
142
107
129
106
170
99
82
103
176
104
21
26
156
110
155
81
166
118
146
159
180
104
200
77
98
71
56
54
78
117
121
127
200
82
14
140
183
169
34
147
45
82
45
160
180
136
187
56
196
61
63
200
25
31
12
23
8
14
29
37
76
158
86
64
121
12
17
133
75
71
117
2
165
128
194
125
137
91
116
80
101
112
110
197
94
157
9
69
87
161
131
77
7
189
129
120
21
63
71
188
200
71
71
173
9
9
50
13
14
169
104
156
76
95
1
179
61
41
128
131
180
176
139
74
56
99
179
109
118
29
85
43
106
49
89
148
66
156
83
114
20
191
199
139
168
50
165
57
119
167
45
171
80
87
79
143
147
53
108
90
124
68
88
90
141
185
55
147
46
26
72
45
105
117
62
54
189
135
36
191
140
61
46
185
167
113
10
61
39
23
76
183
178
199
123
70
125
97
143
142
104
172
194
64
152
186
111
50
18
20
78
199
165
182
157
46
47
136
23
187
52
156
189
52
142
29
144
12
13
77
149
29
158
136
130
48
149
9
13
192
88
46
91
30
107
131
171
153
84
62
112
93
58
25
134
67
90
31
190
124
180
192
138
129
54
75
196
13
120
21
81
166
11
105
157
125
128
196
75
17
173
81
44
88
198
192
137
76
97
81
89
99
147
99
42
193
160
134
15
102
184
128
46
59
151
191
123
164
116
155
165
62
185
71
139
166
156
60
81
196
151
110
177
83
44
39
95
138
137
91
176
100
55
24
156
56
116
180
195
176
163
64
7
68
20
183
20
104
34
191
22
181
14
117
58
38
161
168
194
93
175
2
94
183
40
108
86
191
50
133
71
68
149
81
80
136
92
186
37
160
76
67
12
142
93
109
94
45
108
94
131
147
138
118
49
91
110
141
168
166
109
69
127
76
150
164
80
45
184
163
3
166
26
184
86
136
140
197
180
110
80
119
45
40
35
81
40
150
11
195
57
181
71
106
77
40
100
18
42
64
129
20
88
52
64
174
176
144
66
51
65
30
17
158
149
188
125
101
14
42
3
15
101
178
107
22
39
86
150
18
85
144
11
139
110
174
148
125
55
30
187
138
200
54
196
48
12
59
50
15
141
61
139
25
105
44
117
154
7
173
58
171
158
161
196
191
67
56
151
147
18
66
57
115
24
15
111
80
8
111
169
199
154
121
161
135
115
34
159
114
40
120
3
173
95
1
166
98
115
19
88
70
90
97
2
191
52
116
132
80
9
147
78
22
195
6
110
11
164
187
192
151
159
117
84
24
83
11
48
49
128
146
164
190
143
106
50
16
140
180
120
64
10
80
118
73
102
184
22
126
76
137
163
164
28
58
39
150
89
166
84
108
84
188
195
66
142
9
53
57
53
40
88
177
92
58
69
103
194
24
120
86
182
110
47
40
59
122
118
105
177
123
123
182
4
5
196
139
141
72
56
84
43
101
132
186
190
2
194
166
188
36
193
40
101
120
57
164
42
25
181
142
151
20
75
94
159
10
117
118
51
72
97
129
77
26
172
111
10
137
123
76
147
137
95
9
61
95
162
78
179
76
39
41
145
20
94
111
58
11
112
90
177
72
159
160
30
199
38
126
170
40
129
66
134
135
51
45
169
133
65
105
107
53
141
195
121
89
69
31
24
92
121
134
8
52
149
45
179
194
38
65
133
79
85
199
71
183
182
183
164
37
136
166
147
86
109
197
160
68
182
175
121
151
189
198
146
40
43
70
199
36
55
48
155
146
197
2
24
98
47
3
48
40
40
173
46
108
109
154
175
92
144
40
158
189
18
63
8
176
180
155
36
91
106
154
87
156
57
188
14
122
42
74
84
141
82
170
87
2
55
196
40
110
161
64
43
105
37
116
73
160
44
93
179
181
47
60
195
179
153
93
76
37
154
47
176
181
110
74
99
126
149
18
3
10
194
148
100
105
127
152
54
33
95
17
88
14
65
150
78
36
114
93
121
98
106
183
108
85
53
109
167
189
140
87
64
168
79
173
28
181
179
121
179
194
19
74
11
138
182
171
72
13
43
67
102
129
137
37
76
112
83
85
122
114
195
102
108
68
114
165
57
150
135
83
29
108
136
21
144
115
108
41
116
69
58
181
193
169
153
196
134
135
91
188
32
44
10
120
101
123
29
12
186
159
85
149
183
166
49
16
25
99
69
38
170
164
156
81
132
166
21
143
138
168
116
19
190
9
6
7
68
186
15
54
182
88
169
185
121
33
90
154
189
156
125
31
86
45
107
100
123
164
47
100
151
11
141
51
51
158
53
116
144
104
38
118
18
34
192
39
162
148
15
5
112
197
158
71
100
132
79
196
108
54
2
145
41
94
7
200
112
125
72
106
43
143
16
85
38
169
66
96
23
72
1
97
95
132
150
86
98
176
71
36
4
152
70
11
134
143
127
124
185
192
84
48
51
4
21
100
126
73
113
108
170
142
136
40
163
68
65
119
183
31
191
21
46
120
23
191
120
118
12
191
154
90
107
45
129
154
9
133
135
62
88
98
113
163
2
94
118
86
188
152
99
42
128
92
100
70
69
131
66
76
86
48
85
169
155
129
197
94
184
129
81
127
180
157
67
5
132
68
64
97
151
111
59
142
36
106
151
86
146
174
3
48
97
182
63
156
26
168
37
83
130
69
76
110
7
122
125
158
55
156
33
156
200
145
172
181
105
199
24
139
136
141
115
175
85
95
146
76
107
72
25
196
134
149
102
106
118
161
58
192
80
5
45
165
58
22
115
14
101
72
60
98
48
184
98
97
40
64
59
191
151
113
167
64
37
19
22
93
5
82
70
150
195
89
5
22
177
4
140
5
43
89
1
122
37
107
159
73
86
109
145
179
178
51
70
47
111
14
81
77
5
96
66
82
133
4
15
129
25
166
51
3
32
195
167
102
73
1
44
102
66
96
43
71
175
55
183
173
22
110
40
124
133
118
133
148
112
111
107
61
199
177
136
189
72
146
187
14
181
33
157
60
57
196
197
162
43
40
17
34
148
177
51
17
166
66
141
191
56
156
158
113
158
101
139
121
146
136
1
175
47
121
25
18
151
87
33
147
60
32
192
120
159
103
4
179
177
181
44
165
188
81
102
138
177
21
20
179
124
50
83
4
187
144
169
77
29
39
190
11
77
166
77
76
46
93
91
108
142
17
126
59
30
167
193
34
98
63
92
110
143
60
40
123
112
127
181
38
76
58
171
168
147
100
98
137
90
178
86
32
128
24
150
14
121
24
64
94
125
187
127
139
158
109
69
142
59
112
59
118
163
70
79
147
168
133
45
39
91
165
12
129
75
85
118
107
181
7
121
157
148
156
81
170
128
104
35
38
103
6
46
164
75
85
32
174
186
177
123
143
97
112
171
181
63
153
34
44
106
189
63
181
80
99
183
107
108
133
26
89
119
80
38
137
150
82
124
182
193
25
133
129
77
138
51
129
161
36
184
39
143
78
93
72
74
155
42
156
97
178
143
134
17
106
161
25
157
187
129
97
103
168
125
152
55
150
175
71
119
101
80
74
81
65
118
138
159
27
38
8
200
58
107
120
3
73
30
3
54
115
197
12
101
8
85
28
26
73
118
196
187
9
27
113
174
48
137
177
141
166
139
68
197
128
38
171
142
109
65
114
41
98
18
72
34
182
15
137
175
196
5
7
188
1
190
109
195
148
178
118
191
175
148
4
98
198
56
157
132
85
91
7
100
64
55
194
62
163
90
26
120
8
12
86
195
6
193
89
22
83
153
91
100
86
37
66
43
81
113
58
79
21
4
174
138
6
58
114
198
66
138
14
40
51
172
111
170
80
69
128
95
193
46
61
61
97
7
116
18
126
165
17
104
67
66
24
5
167
15
122
125
58
192
15
193
154
137
45
79
192
121
77
152
95
196
129
195
152
179
75
195
76
13
23
171
106
3
154
186
156
161
194
176
175
148
24
21
115
79
82
51
186
114
86
81
91
80
123
144
172
107
133
89
25
194
56
143
111
9
176
93
127
96
36
31
116
4
176
14
94
7
194
35
98
68
107
40
160
123
182
38
197
168
93
80
108
28
153
51
124
139
12
78
98
177
186
37
114
66
197
99
53
93
64
96
1
174
54
2
30
170
137
132
137
197
131
161
112
3
47
113
125
128
19
10
34
112
14
198
176
142
173
9
161
40
46
107
85
181
22
54
120
155
101
50
113
99
97
67
101
55
44
174
48
83
18
93
126
88
154
19
30
13
171
138
53
116
38
171
114
17
146
18
13
57
143
3
51
63
141
76
82
21
119
112
67
104
75
74
167
64
165
26
17
85
75
105
138
157
13
123
154
61
136
145
72
103
146
23
149
179
199
147
133
39
13
172
17
140
3
76
189
197
135
144
169
28
82
93
70
109
66
161
105
198
108
48
76
152
62
175
129
35
40
200
127
160
73
63
69
24
102
199
16
67
17
81
102
168
60
182
28
151
154
198
182
118
170
172
48
101
196
58
112
141
78
143
200
100
96
20
129
86
37
1
23
178
9
5
82
93
182
129
9
9
189
7
20
116
159
187
191
163
5
122
157
36
197
192
169
8
78
17
36
135
30
73
90
112
164
11
95
27
159
145
115
89
35
145
136
65
105
125
43
135
58
58
100
184
63
107
22
168
143
90
161
96
41
112
37
121
25
3
85
167
98
111
100
197
189
158
15
7
196
138
92
174
114
160
88
13
19
174
109
114
15
75
138
160
192
146
77
41
99
131
27
167
148
42
102
34
39
74
181
140
23
133
3
16
3
101
134
77
11
102
192
88
96
104
56
59
129
5
101
75
64
96
177
16
127
152
6
75
178
103
26
184
4
73
79
161
86
35
184
8
96
158
50
195
164
102
154
54
175
198
153
152
81
83
147
21
142
108
90
46
99
189
132
11
2
26
2
28
20
79
167
29
191
108
167
195
59
135
32
60
13
59
102
28
198
47
196
169
14
74
124
186
111
69
82
136
82
105
2
148
42
153
131
44
93
111
16
131
46
11
174
125
25
102
180
106
101
155
2
2
84
197
140
87
115
139
191
189
188
21
186
8
168
135
50
117
83
24
106
40
121
197
150
10
32
27
43
73
198
2
37
102
59
167
62
18
177
100
38
147
186
171
179
23
127
93
134
171
146
160
135
125
130
31
65
95
149
175
161
137
96
69
38
161
141
152
36
163
95
151
127
168
61
180
93
16
4
123
23
186
184
43
93
35
165
67
182
159
93
200
48
108
82
72
67
97
94
120
18
104
116
198
23
4
165
50
17
24
6
39
138
33
42
111
65
28
118
112
108
164
11
59
55
77
106
149
98
117
77
163
127
128
170
197
93
126
198
194
86
81
27
130
163
105
61
141
54
110
43
24
182
55
79
103
35
57
87
53
198
118
164
16
19
135
58
190
57
60
163
11
12
79
38
13
140
18
140
132
79
50
83
62
107
129
44
82
196
115
113
82
139
108
80
183
145
6
185
140
110
113
97
129
58
161
147
147
12
71
7
28
37
3
120
10
193
99
134
184
94
136
38
29
190
118
163
57
41
18
76
1
42
136
116
120
29
155
169
184
69
149
31
52
99
27
27
61
185
144
164
131
157
108
34
25
39
121
199
44
95
86
51
6
155
187
169
62
124
169
77
20
21
135
22
97
167
85
116
28
197
133
181
121
85
188
61
2
88
121
172
147
113
107
169
18
23
144
118
172
184
44
112
138
93
91
178
143
27
110
126
27
46
91
149
18
177
139
65
42
22
120
184
63
127
147
76
90
35
135
4
40
22
20
87
62
50
185
176
81
91
116
142
160
190
138
192
28
56
50
35
79
61
135
48
53
100
180
167
99
17
17
184
32
71
166
165
194
107
108
83
89
27
120
113
173
96
61
24
153
157
51
95
115
50
169
40
102
61
5
174
91
172
151
103
57
84
7
13
169
114
168
148
148
24
32
116
116
150
55
101
172
80
91
8
180
97
73
79
73
116
157
111
45
197
104
89
182
181
190
87
185
33
66
105
52
11
137
107
75
9
34
118
107
186
39
7
111
103
123
97
46
16
171
67
158
12
98
146
25
146
191
42
26
153
171
192
135
123
156
103
16
151
197
112
149
35
2
135
96
112
193
83
132
62
46
15
91
92
177
123
144
82
37
72
113
174
127
56
20
167
88
18
72
170
115
138
51
77
96
151
131
13
65
119
42
129
33
161
118
105
148
27
166
105
39
165
167
194
31
41
58
111
151
138
171
155
173
128
184
2
164
125
183
146
108
40
78
183
62
134
168
151
114
175
196
114
153
36
60
116
180
112
44
90
52
64
20
63
126
24
45
158
198
168
80
76
19
89
67
144
7
50
91
63
183
148
85
117
59
165
170
163
145
140
196
30
107
123
37
88
141
81
132
157
168
153
13
15
153
47
33
145
66
177
124
67
120
173
169
157
139
109
26
91
196
169
161
163
1
171
44
68
179
141
76
101
70
83
173
189
100
193
151
61
126
66
89
38
141
108
181
87
181
7
190
180
185
85
52
146
176
86
20
25
96
155
114
136
185
130
82
158
142
109
145
131
102
189
56
160
165
47
44
101
127
182
166
30
64
180
92
186
142
100
108
96
64
126
111
56
197
58
73
146
183
109
62
50
69
183
107
177
84
59
11
88
159
89
96
44
101
167
71
164
97
67
4
65
184
13
146
105
14
190
95
20
126
22
31
199
29
155
172
46
3
128
53
124
117
133
93
177
98
85
153
2
60
176
79
32
180
57
171
193
101
200
82
67
164
62
61
2
79
76
171
198
157
82
20
165
6
190
199
84
7
197
48
48
4
192
110
57
187
170
146
59
131
151
200
113
68
42
19
176
28
28
155
80
107
55
62
39
49
123
190
93
63
82
151
110
30
95
180
123
184
157
183
112
94
166
63
126
85
3
15
33
72
162
159
80
198
116
37
129
56
73
123
80
65
94
126
68
168
35
28
3
93
48
134
193
48
71
156
44
155
1
58
110
130
71
28
89
101
93
11
200
48
150
149
54
154
7
135
46
39
110
108
145
166
105
88
34
32
36
43
138
13
31
74
119
61
14
82
104
173
147
48
35
66
21
52
117
3
63
35
194
6
102
128
69
150
20
179
114
63
49
157
67
7
119
133
178
60
134
124
22
150
11
112
26
82
100
183
92
12
78
55
198
103
141
18
177
10
73
63
131
91
142
190
62
2
98
164
109
199
3
97
1
85
74
78
173
75
165
36
13
178
93
64
80
34
11
154
131
147
170
35
148
156
63
23
71
184
81
117
103
155
101
70
114
169
4
180
1
1
76
74
70
76
55
12
144
131
113
93
173
135
7
188
190
67
104
144
17
197
108
15
49
87
34
44
132
22
165
149
135
19
150
155
169
139
78
168
143
56
5
186
20
58
11
23
136
61
28
27
120
192
11
57
161
185
126
62
5
145
88
144
9
166
10
121
139
171
200
64
80
117
78
41
186
175
21
131
1
62
74
138
92
177
185
171
31
3
93
153
71
58
125
106
159
140
193
69
104
121
158
71
50
111
167
22
151
67
136
150
36
187
46
81
129
21
157
27
81
50
55
72
18
145
163
62
63
166
31
72
181
98
21
83
8
187
37
186
200
88
60
177
27
130
79
61
180
149
62
159
95
6
156
159
195
42
11
25
50
30
114
190
167
40
192
120
186
137
186
87
11
179
90
196
178
13
75
181
35
105
28
79
47
93
155
45
108
8
4
8
100
22
49
144
20
100
119
159
185
193
179
68
44
69
118
77
124
61
116
101
83
57
69
45
6
106
196
136
72
28
49
26
155
199
98
49
69
118
145
131
170
55
67
114
3
109
178
74
137
31
199
23
72
124
32
98
142
147
156
59
4
7
125
54
122
160
199
176
102
104
188
31
147
190
29
14
33
90
84
1
188
120
181
25
161
8
63
172
14
119
32
144
30
92
103
184
134
158
2
54
198
83
73
178
187
152
127
121
39
72
94
168
130
139
86
54
41
98
161
70
75
178
159
72
184
119
109
110
32
30
127
132
195
131
51
168
117
193
180
161
147
182
151
8
98
136
111
95
4
159
6
15
171
122
180
50
55
178
198
29
56
69
87
194
32
144
18
171
112
61
52
15
47
169
185
4
46
2
127
61
188
55
150
80
154
190
188
157
93
46
15
40
69
107
105
194
168
158
76
134
28
61
15
96
58
101
154
168
150
161
12
165
199
53
103
49
161
16
55
63
44
170
5
195
164
170
43
41
165
149
60
155
6
16
55
119
97
91
74
197
10
200
46
48
124
25
45
36
77
13
92
189
86
149
96
162
45
22
153
26
59
144
88
122
63
172
189
193
193
83
144
126
82
130
61
53
66
72
193
100
77
68
147
84
163
94
97
194
67
47
107
110
49
187
11
42
34
108
45
5
38
5
65
19
54
63
184
176
95
87
133
61
178
97
78
39
3
29
111
113
134
179
123
155
56
121
36
90
53
193
36
172
42
141
104
4
51
139
184
141
103
174
38
69
145
57
49
4
54
180
88
178
51
169
112
166
36
153
93
66
121
48
17
23
25
122
68
72
147
17
81
95
121
59
156
64
41
13
83
56
16
18
1
180
3
143
28
52
161
70
116
52
174
55
154
120
88
100
101
124
161
52
176
15
52
88
40
135
199
43
72
113
150
34
173
97
29
118
195
199
117
72
120
103
117
108
183
197
103
176
92
106
187
182
141
10
60
199
131
163
163
67
53
121
175
18
143
129
33
36
197
197
14
149
193
19
169
190
142
94
61
135
17
172
27
122
197
67
75
68
85
128
128
30
82
162
11
123
30
83
3
131
1
64
81
104
119
173
55
189
92
167
77
170
108
165
130
5
58
137
51
136
29
100
86
94
65
194
147
110
164
122
59
111
170
82
156
117
50
186
123
51
105
142
102
32
132
14
121
52
37
92
92
7
163
92
99
132
182
136
109
64
174
144
85
151
116
77
133
6
167
5
144
28
57
64
45
5
129
41
44
169
61
134
170
159
112
162
174
139
68
116
147
193
102
165
90
26
51
98
192
135
3
50
69
152
39
134
164
89
111
75
177
94
19
99
50
114
113
187
81
15
82
132
67
146
159
73
49
66
142
70
184
21
11
97
195
179
73
34
196
67
122
186
183
83
5
198
42
2
71
88
87
1
191
194
26
26
35
141
73
120
129
107
74
55
139
129
119
35
184
172
163
160
182
134
95
77
122
36
60
48
6
136
38
16
8
189
122
171
169
199
111
135
180
166
184
145
95
177
68
196
61
3
150
100
36
39
7
123
90
134
169
167
180
68
197
187
172
65
92
35
99
149
111
200
58
11
132
194
181
177
104
145
160
51
100
84
128
196
168
114
55
85
35
200
29
9
98
68
141
106
160
164
132
150
170
71
87
47
98
138
69
174
89
127
183
114
152
71
142
170
10
73
160
18
93
65
148
115
188
27
10
77
155
155
130
150
40
62
45
29
179
61
73
163
126
53
142
49
92
13
193
189
8
40
125
9
159
82
19
174
191
96
101
144
147
86
49
92
103
187
3
9
67
143
66
137
159
47
187
18
95
129
123
39
145
97
41
65
172
23
41
149
154
121
22
198
57
61
112
44
163
121
113
145
126
85
180
21
173
113
174
14
126
190
196
88
21
15
111
72
119
66
146
50
84
170
200
28
183
6
170
157
112
20
131
173
109
12
96
73
97
150
130
65
57
93
59
66
87
79
6
32
30
103
3
125
89
179
129
94
44
71
140
109
107
129
89
59
49
49
130
64
140
27
185
156
116
120
113
10
96
89
149
175
8
6
3
184
19
175
49
141
130
171
123
40
74
6
172
30
65
19
160
159
140
151
84
98
53
82
16
56
45
103
2
54
198
189
141
139
76
153
197
113
197
46
73
154
44
145
126
112
46
63
59
121
101
183
94
14
129
32
57
197
75
115
134
134
151
75
61
63
88
16
17
11
1
93
33
40
49
180
58
95
152
62
145
2
8
183
80
17
3
156
84
135
193
154
56
64
95
109
198
36
199
188
22
96
38
149
75
14
114
22
81
40
145
108
189
121
180
158
176
148
115
136
46
100
71
134
13
12
118
8
193
184
31
178
76
143
190
181
86
87
175
136
137
111
168
74
103
77
78
120
172
101
64
35
6
96
172
163
183
160
170
190
122
118
23
108
9
116
144
53
110
164
63
160
88
150
166
94
197
38
135
36
76
10
137
164
110
187
64
200
45
87
5
128
179
159
25
41
151
21
103
159
11
184
193
27
173
138
149
66
61
119
63
73
40
134
165
45
75
192
101
186
59
20
160
183
115
102
179
34
54
48
18
12
190
19
9
197
44
38
11
70
91
107
185
127
80
20
138
108
74
16
130
166
186
15
102
54
13
27
101
25
18
122
42
58
129
156
8
119
178
138
175
70
161
63
56
197
195
189
64
60
183
122
193
33
170
92
152
88
45
173
33
197
77
144
23
168
138
126
77
98
162
37
82
103
88
79
158
64
65
26
165
157
197
23
178
21
106
151
96
104
114
68
173
53
39
66
133
62
182
136
69
10
75
185
14
151
58
127
122
142
4
1
56
106
113
45
107
191
177
78
131
3
137
196
90
106
154
47
182
131
85
17
187
163
126
92
153
111
8
142
10
14
24
138
91
165
34
197
200
44
117
179
149
39
96
138
109
96
84
79
80
101
20
103
179
164
152
22
158
199
136
48
47
182
142
41
12
103
95
184
67
65
13
194
96
136
105
136
24
40
190
47
20
128
67
86
116
13
107
165
13
158
115
170
112
21
193
146
96
122
117
136
2
77
43
22
177
137
73
57
47
136
166
134
159
28
28
10
130
55
100
91
7
98
190
24
52
39
8
52
196
67
125
75
67
181
192
87
108
191
111
122
160
95
1
44
2
183
99
182
180
11
85
175
151
121
166
148
99
106
165
135
166
1
174
95
80
6
43
171
133
80
40
23
101
82
89
108
194
55
189
180
53
128
5
58
171
94
175
185
136
3
111
135
188
34
84
32
194
41
171
88
1
86
129
149
14
139
37
125
25
88
126
106
158
178
87
40
154
97
162
144
30
145
179
193
38
35
179
55
11
58
194
192
68
114
93
45
96
118
179
41
195
193
30
167
111
58
196
36
122
2
54
98
122
182
192
40
167
62
34
180
191
24
168
85
178
135
191
109
17
106
118
48
45
199
93
112
111
183
63
13
160
139
11
7
92
196
100
176
6
183
32
114
31
181
106
87
190
92
2
4
46
109
20
87
95
129
46
97
89
13
132
113
50
198
100
118
125
142
125
97
60
55
150
76
30
60
90
66
134
113
56
128
52
83
95
92
175
142
161
34
119
95
58
96
45
96
159
148
14
76
144
16
55
194
148
193
31
34
112
178
144
17
152
34
45
5
181
160
42
74
70
162
190
93
14
5
187
61
17
13
10
82
51
118
32
136
125
140
137
3
133
194
185
155
190
100
160
116
54
53
69
51
104
163
179
196
171
41
106
77
144
134
125
52
106
128
14
98
102
173
149
191
84
114
140
99
45
54
200
53
79
85
51
143
179
144
41
183
41
195
188
141
21
49
79
91
187
62
191
72
9
190
16
133
121
127
182
68
8
194
197
170
70
107
152
10
81
199
67
45
150
72
72
73
116
166
49
27
116
136
11
159
114
174
10
14
171
116
7
79
35
46
36
131
195
21
125
200
158
184
194
85
128
96
73
93
60
82
163
120
152
123
44
118
147
191
8
26
19
39
96
22
61
43
127
1
167
90
138
40
188
24
50
119
61
57
174
150
169
190
131
164
153
122
146
174
200
127
174
49
49
35
46
80
73
73
136
80
149
55
26
17
45
64
160
26
187
127
188
198
69
40
155
146
128
81
74
108
77
5
82
156
18
30
199
37
36
168
127
143
104
14
53
42
28
134
106
61
129
83
177
170
15
31
17
164
135
19
114
159
133
106
116
116
149
98
127
78
42
155
200
157
24
30
10
168
44
158
69
172
53
44
191
177
17
79
2
169
89
7
142
7
173
178
172
165
191
14
120
104
168
30
159
20
120
98
126
171
84
148
16
148
104
17
189
60
173
66
96
137
18
62
113
28
59
85
8
181
82
46
193
135
186
89
24
195
160
128
67
39
181
38
16
171
20
139
159
162
174
138
14
125
196
191
94
61
174
147
22
59
182
75
157
13
18
123
4
66
20
15
69
187
34
59
164
173
130
59
132
47
120
83
165
66
177
13
147
90
25
153
179
190
170
146
107
166
113
58
181
31
47
133
38
79
122
123
39
76
180
65
163
120
143
41
32
156
200
50
200
185
43
5
131
169
176
4
112
116
193
35
33
81
164
104
67
93
84
195
30
84
137
41
79
2
133
23
192
154
92
182
197
102
65
58
3
26
147
101
109
153
10
163
95
128
140
159
45
84
162
167
189
91
30
125
182
119
4
103
17
76
94
87
68
14
159
11
55
65
126
14
101
153
43
159
10
10
65
113
2
64
26
83
115
67
34
52
59
51
57
108
159
141
160
107
112
196
2
88
35
121
120
43
23
111
34
17
125
141
117
167
110
154
179
38
169
4
88
93
74
125
77
56
121
105
95
60
51
11
105
44
74
6
132
181
178
93
50
119
31
176
4
24
22
5
116
42
103
4
104
4
67
12
155
46
114
72
79
28
4
167
197
53
93
186
130
105
109
142
24
43
7
58
11
185
4
68
144
114
160
141
101
110
96
105
46
82
38
69
127
37
26
182
112
7
170
7
96
98
112
35
186
138
128
185
37
68
195
129
136
107
54
192
72
105
24
118
200
89
59
58
91
183
186
193
154
168
103
179
33
73
41
73
94
11
33
97
153
49
10
12
64
76
114
156
142
150
198
20
118
165
169
45
12
150
164
44
11
182
148
56
69
128
105
176
195
26
42
61
1
34
24
189
130
97
26
200
141
90
2
190
174
162
144
115
47
108
138
67
39
120
46
129
112
175
114
87
39
168
2
177
110
41
93
198
76
73
35
117
83
115
71
125
43
67
30
52
163
45
98
38
152
75
165
69
125
124
118
125
42
200
53
125
119
2
155
21
44
39
47
197
51
26
131
130
47
76
1
142
133
57
165
21
55
21
26
89
107
108
105
195
42
168
2
126
68
11
171
17
71
87
68
59
167
158
1
186
115
72
96
73
163
88
81
93
115
196
53
152
192
134
75
73
146
168
74
43
10
138
85
97
61
17
126
119
193
94
97
189
6
61
192
8
34
139
22
88
27
139
15
78
177
20
162
81
189
188
14
164
92
69
120
199
73
91
145
83
66
35
64
166
141
153
73
200
97
181
165
66
195
41
163
164
127
94
32
101
131
194
4
6
31
145
107
152
178
6
50
116
155
188
42
118
111
155
105
103
36
152
160
29
144
189
133
29
13
38
152
125
28
139
156
61
105
33
152
4
56
36
113
58
169
77
127
28
140
120
69
28
161
68
77
9
2
91
130
54
119
98
175
45
2
190
151
151
176
154
183
145
86
111
173
147
38
19
147
1
60
93
147
179
54
146
116
25
51
39
38
165
134
130
115
166
16
10
28
113
51
113
194
53
131
123
182
114
96
136
66
154
139
81
57
140
26
154
144
156
97
84
88
22
133
148
40
107
12
6
34
89
37
175
32
58
53
190
127
190
24
186
19
75
78
78
182
23
87
136
176
180
16
47
49
32
92
159
109
137
28
77
73
181
54
177
19
49
59
135
71
68
30
77
155
108
52
59
135
115
199
180
156
119
158
84
1
196
165
183
150
38
158
148
67
176
164
64
73
144
54
182
94
48
187
77
68
78
81
15
10
147
79
180
49
98
24
